components,states,backend,threads,calls_per_sample,median_seconds,ns_per_state,states_per_second,mad_percent,speedup_vs_scalar,speedup_vs_best_cpu
1,1,scalar,1,345677,5.7714334769163126e-07,577.14334769163122,1732671.7946237193,1.4791490552819198,1,1
1,1,openmp,1,111321,1.895552797765022e-06,1895.552797765022,527550.59166859603,4.3122579918351116,0.30447231455231433,0.30447231455231433
1,1,openmp,2,63333,3.1461565060868739e-06,3146.1565060868738,317848.14203149098,0.66452609872357782,0.18344394074961978,0.18344394074961978
1,1,openmp,4,56810,3.6869696004224609e-06,3686.9696004224611,271225.45298052306,1.2819334252705261,0.15653596591235819,0.15653596591235819
1,1,openmp,8,38,4.1585000000000001e-06,4158.5,240471.32379463749,0.15250944482765161,0.13878642483867532,0.13878642483867532
1,1,cuda_resident,0,8630,2.0004186210892236e-05,20004.186210892236,49989.536662856204,0.15205681716898159,0.028851128539154367,0.028851128539154367
1,1,cuda_e2e,0,737,0.00027362552781546814,273625.52781546814,3654.629770780728,0.39181796528123575,0.0021092452604818883,0.0021092452604818883
1,10,scalar,1,63231,3.2130652211731587e-06,321.30652211731586,3112292.8766285009,0.71046522618497854,1,1
1,10,openmp,1,40521,4.9553664519631802e-06,495.53664519631803,2018014.2269878497,0.72780536448251187,0.64840113285672962,0.64840113285672962
1,10,openmp,2,34995,4.8950780397199598e-06,489.50780397199594,2042868.3503832526,1.367006123923308,0.65638692480518113,0.65638692480518113
1,10,openmp,4,42238,4.8736132392632228e-06,487.36132392632226,2051865.7326841487,0.57936666981522411,0.65927784242044196,0.65927784242044196
1,10,openmp,8,35,0.0011261481999999998,112614.81999999999,8879.8259412038315,99.557229044733447,0.0028531459901753242,0.0028531459901753242
1,10,cuda_resident,0,8307,2.0123425665101722e-05,2012.342566510172,496933.28394588979,0.38074648950613149,0.15966790518899043,0.15966790518899043
1,10,cuda_e2e,0,725,0.00027660082620689657,27660.082620689656,36153.181959478425,0.33430473359495139,0.011616253158874499,0.011616253158874499
1,100,scalar,1,6947,2.9055942853030085e-05,290.55942853030086,3441636.7249143166,0.45201318285086933,1,1
1,100,openmp,1,3944,3.5715816937119677e-05,357.15816937119678,2799879.957276558,0.21393950904786987,0.81353152033971976,0.81353152033971976
1,100,openmp,2,9499,2.1206526476471207e-05,212.06526476471208,4715529.4437752794,1.2601881361717244,1.3701415404011525,1
1,100,openmp,4,10454,1.8881037401951407e-05,188.81037401951406,5296319.1519161295,0.42834323116961881,1.5388954660948384,1
1,100,openmp,8,34,0.0048598692352941177,48598.692352941172,20576.685330083379,22.849585386447757,0.0059787499305568514,0.003885091653254891
1,100,cuda_resident,0,9713,2.0673978173581797e-05,206.73978173581796,4836998.4315735037,0.33106522776795344,1.4054355000799588,0.91327548299719619
1,100,cuda_e2e,0,713,0.00028216457223001403,2821.6457223001403,354403.10315953597,0.33337203766473483,0.10297516312340003,0.066914982461228414
1,1000,scalar,1,701,0.00028909833523537803,289.09833523537799,3459030.6415490778,1.1884903612433504,1,1
1,1000,openmp,1,599,0.00033595095826377297,335.95095826377297,2976624.9370684838,0.47695967071750867,0.86053731392661048,0.86053731392661048
1,1000,openmp,2,519,0.00018240384007707128,182.40384007707127,5482340.7203349937,0.95386496200447712,1.5849355754419698,1
1,1000,openmp,4,1151,0.00015733672024326675,157.33672024326677,6355795.3823738433,0.41980221769768855,1.8374498641409811,1
1,1000,openmp,8,36,0.0061938305277777781,6193.8305277777781,161450.97860124693,3.5765683665357382,0.046675209135743127,0.025402167453186034
1,1000,cuda_resident,0,7298,2.0819893532474649e-05,20.819893532474648,48030985.290112585,0.11682757277087322,13.885677887086478,7.557037695598904
1,1000,cuda_e2e,0,660,0.00031051116060606065,310.51116060606063,3220496.1588117606,3.0160478397092421,0.93104007814440959,0.5067023031834812
1,10000,scalar,1,70,0.0028939413857142857,289.39413857142853,3455495.0039293175,0.74650440767886439,1,1
1,10000,openmp,1,61,0.003379961950819672,337.99619508196719,2958613.1872209115,1.6442875952638825,0.85620531468186445,0.85620531468186445
1,10000,openmp,2,79,0.0017644127088607595,176.44127088607596,5667608.2357493155,1.0353672815318637,1.6401726031450072,1
1,10000,openmp,4,131,0.0015510876335877862,155.10876335877862,6447088.9867577776,1.0871401343199345,1.8657497636161113,1
1,10000,openmp,8,35,0.0059143093999999997,591.43093999999996,1690814.4846125231,0.48345361940554238,0.48931180125853507,0.26226014377735907
1,10000,cuda_resident,0,1884,0.0001061972144373673,10.619721443736731,94164428.445510417,0.086022504138838135,27.250633654059413,14.605728048569318
1,10000,cuda_e2e,0,354,0.00056729879378531075,56.729879378531066,17627395.139120307,0.32886644351612082,5.1012648315439089,2.7341634612654961
1,100000,scalar,1,7,0.030030473714285716,300.30473714285716,3329950.8010234707,0.90903042507544807,1,1
1,100000,openmp,1,6,0.034635912166666664,346.35912166666662,2887176.7406847519,0.22276637697714036,0.86703285219630544,0.86703285219630544
1,100000,openmp,2,11,0.018685051636363637,186.85051636363636,5351871.7500029001,0.92988041855607406,1.6071924391069037,1
1,100000,openmp,4,13,0.016754337384615382,167.54337384615383,5968603.6937411018,1.894049148770129,1.7923999633588079,1
1,100000,openmp,8,13,0.015708190923076924,157.08190923076924,6366105.4598648828,2.6243432370574817,1.9117716267484315,1
1,100000,cuda_resident,0,190,0.00086145180526315786,8.6145180526315777,116083104.57884735,0.030281805238651177,34.860306207277553,18.234555696680392
1,100000,cuda_e2e,0,34,0.0058632984705882353,58.63298470588235,17055246.377380393,0.58444316336134661,5.1217712802658859,2.6790706633600729
1,1000000,scalar,1,1,0.31204480099999998,312.04480100000001,3204668.0373950535,1.2103627389068536,1,1
1,1000000,openmp,1,1,0.37867057799999998,378.67057799999998,2640817.7928204392,2.4139145027528275,0.82405346263791324,0.82405346263791324
1,1000000,openmp,2,1,0.20213398599999999,202.13398599999999,4947213.5774337323,5.7488056461717454,1.543752276274807,1
1,1000000,openmp,4,2,0.16682161700000001,166.821617,5994426.9692578269,2.8407322655312726,1.8705297707310915,1
1,1000000,openmp,8,2,0.13949985449999999,139.4998545,7168466.2581493948,2.3056472076822185,2.2368826269994426,1
1,1000000,cuda_resident,0,24,0.008352823416666667,8.3528234166666664,119719997.67224418,0.0055659822251107015,37.358002849355891,16.700922256018401
1,1000000,cuda_e2e,0,4,0.045872459499999997,45.872459499999998,21799572.355609145,1.2304708667299507,6.802443217591156,3.0410371717696978
2,1,scalar,1,319251,6.1424079172813868e-07,614.24079172813867,1628026.0338727182,2.1745469245787046,1,1
2,1,openmp,1,97124,1.9113027572999462e-06,1911.3027572999463,523203.34713097842,0.78825806366740281,0.32137283817654438,0.32137283817654438
2,1,openmp,2,61952,2.9518816341683882e-06,2951.8816341683882,338766.97101431125,3.2207458285803172,0.20808449248717392,0.20808449248717392
2,1,openmp,4,58023,3.6497003429674439e-06,3649.7003429674437,273995.09713910782,2.2524098858798656,0.16829896539635386,0.16829896539635386
2,1,openmp,8,40,4.3368749999999999e-06,4336.875,230580.77532785706,1.3834846519671486,0.14163211799467099,0.14163211799467099
2,1,cuda_resident,0,7464,2.6503994372990351e-05,26503.99437299035,37730.161949441041,0.21265829342170109,0.023175404547855556,0.023175404547855556
2,1,cuda_e2e,0,681,0.00029165223641703378,291652.23641703377,3428.7410660211744,3.1328689072511176,0.0021060726270236284,0.0021060726270236284
2,10,scalar,1,55301,3.6422647149237809e-06,364.2264714923781,2745544.5396448243,0.89831103459427364,1,1
2,10,openmp,1,35774,5.6407610555151783e-06,564.07610555151791,1772810.424264051,3.8335694850553081,0.64570448545460113,0.64570448545460113
2,10,openmp,2,36140,5.106721776425014e-06,510.67217764250137,1958203.4106820971,1.5363178596522471,0.7132295187370804,0.7132295187370804
2,10,openmp,4,39193,5.2692702013114586e-06,526.92702013114581,1897796.016896442,2.4572703307408599,0.69122754684648069,0.69122754684648069
2,10,openmp,8,16625,5.1340303639097745e-05,5134.0303639097747,194778.74673854851,26.008080244878954,0.070943575646289073,0.070943575646289073
2,10,cuda_resident,0,5432,2.6699360272459499e-05,2669.9360272459498,374540.8091412228,0.57131884113681008,0.13641767734340782,0.13641767734340782
2,10,cuda_e2e,0,667,0.00029436211694152927,29436.211694152928,33971.762752291776,2.8257386291416626,0.012373415277643433,0.012373415277643433
2,100,scalar,1,6005,3.3580830807660285e-05,335.80830807660283,2977889.3968635378,0.95446735702359375,1,1
2,100,openmp,1,4977,4.0383568816556156e-05,403.83568816556158,2476254.6483757705,0.35835191038442615,0.83154688383789066,0.83154688383789066
2,100,openmp,2,5192,2.4079664483821263e-05,240.79664483821264,4152881.7840127456,2.8815432543834016,1.3945722055314642,1
2,100,openmp,4,9161,2.2333437070188846e-05,223.33437070188847,4477591.142183939,1.5453227166507855,1.5036123057155721,1
2,100,openmp,8,33,0.00016513466666666669,1651.3466666666668,605566.36603660847,91.738643428577305,0.20335421680685026,0.13524378327701539
2,100,cuda_resident,0,6026,2.7548187520743448e-05,275.48187520743448,3630002.8785814391,0.43674247710214681,1.2189851249696311,0.81070440853402936
2,100,cuda_e2e,0,687,0.00029020108005822418,2902.0108005822417,344588.6554934138,0.90284886137927722,0.11571573338363465,0.076958490525631404
2,1000,scalar,1,601,0.00033789559068219635,337.89559068219637,2959494.0791652356,0.89615992101451236,1,1
2,1000,openmp,1,507,0.00039621820315581855,396.21820315581857,2523861.8317764052,0.77069580764995205,0.85280178444833843,0.85280178444833843
2,1000,openmp,2,904,0.0002201391460176991,220.13914601769909,4542581.4449175727,4.4074331144579597,1.534918240552408,1
2,1000,openmp,4,1016,0.00019284016141732284,192.84016141732283,5185641.7908503674,1.5516032299688651,1.7522054959856674,1
2,1000,openmp,8,33,0.00076875051515151521,768.75051515151529,1300812.136435326,23.132409233763717,0.43953868520738432,0.25084882236380085
2,1000,cuda_resident,0,5077,3.4429510734685838e-05,34.429510734685834,29044850.730119582,0.36396052678353868,9.8141269937299782,5.6010137031383076
2,1000,cuda_e2e,0,620,0.00031936562903225809,319.36562903225808,3131207.3344592545,0.093388258750249406,1.0580211518255354,0.60382252780822787
2,10000,scalar,1,61,0.0035504548852459015,355.04548852459016,2816540.5062758341,3.2983254586246664,1,1
2,10000,openmp,1,51,0.0040061425294117643,400.61425294117646,2496166.8054951439,1.5108480301394325,0.88625276289588906,0.88625276289588906
2,10000,openmp,2,59,0.0021018080000000001,210.1808,4757808.515335368,1.5120775114422955,1.6892384486337007,1
2,10000,openmp,4,108,0.0018851647685185185,188.51647685185185,5304576.1129191015,1.7839368054059661,1.8833658174272339,1
2,10000,openmp,8,36,0.0058221407777777779,582.21407777777779,1717581.278379333,3.5321825207974773,0.60981948406288033,0.32379237130677163
2,10000,cuda_resident,0,1210,0.00016533981735537191,16.533981735537193,60481499.01185976,0.10325191575521553,21.473683363365264,11.401759108434561
2,10000,cuda_e2e,0,286,0.00069424350000000005,69.424350000000004,14404167.990049601,1.4519854611983822,5.1141348608174235,2.7154230014663709
2,100000,scalar,1,6,0.034529721833333332,345.29721833333338,2896055.765600313,2.7215437892488881,1,1
2,100000,openmp,1,5,0.040432388200000002,404.32388200000003,2473264.7377975066,3.3713160678448508,0.85401143416339997,0.85401143416339997
2,100000,openmp,2,10,0.0211370398,211.37039799999999,4731031.447459355,3.7682698596233943,1.6336119986552389,1
2,100000,openmp,4,11,0.018446204363636365,184.46204363636363,5421169.4736036556,0.041353666411840864,1.8719147393489231,1
2,100000,openmp,8,11,0.017620697181818183,176.20697181818184,5675144.3469095211,2.6055093300430747,1.9596115566279995,1
2,100000,cuda_resident,0,124,0.0013138327177419356,13.138327177419356,76113190.55280377,0.055959768089743761,26.281672976358088,13.411674822729799
2,100000,cuda_e2e,0,37,0.0053976441081081085,53.976441081081092,18526601.235117428,1.6541145438266169,6.3971838716569458,3.2645163017230296
2,1000000,scalar,1,1,0.34314148100000003,343.141481,2914249.8222183753,2.1631607983879988,1,1
2,1000000,openmp,1,1,0.40532265099999998,405.32265100000001,2467170.2840510635,2.9475490625861909,0.84658846514847264,0.84658846514847264
2,1000000,openmp,2,1,0.23630005700000001,236.30005700000001,4231907.5699588172,3.0959205397060061,1.4521430310107797,1
2,1000000,openmp,4,1,0.17625653999999999,176.25654,5673548.3403906608,3.1045406882490716,1.9468297800467436,1
2,1000000,openmp,8,2,0.16462464700000001,164.62464700000001,6074424.5665717348,2.1522849491668246,2.0843870419962083,1
2,1000000,cuda_resident,0,16,0.012815186562500001,12.815186562499999,78032418.421922594,0.0059060786693004184,26.776159623310207,12.846059337265306
2,1000000,cuda_e2e,0,3,0.052592500333333327,52.592500333333327,19014117.862089857,0.59292801196031586,6.5245325631060682,3.1301924410629378
3,1,scalar,1,299211,6.5771478989743028e-07,657.71478989743025,1520415.8631676028,0.75482721911833339,1,1
3,1,openmp,1,101173,1.9953560831447126e-06,1995.3560831447126,501163.68123326852,0.46041939543323274,0.32962276530656193,0.32962276530656193
3,1,openmp,2,66667,3.0314297328513356e-06,3031.4297328513358,329877.34769606846,3.0923946633250625,0.21696521043184122,0.21696521043184122
3,1,openmp,4,56321,3.7428341826317007e-06,3742.834182631701,267177.21149401,0.84074128139673521,0.1757264035231641,0.1757264035231641
3,1,openmp,8,35,4.4549428571428574e-06,4454.9428571428571,224469.77033535781,1.7790832654579563,0.14763708783444429,0.14763708783444429
3,1,cuda_resident,0,5756,3.4604026233495481e-05,34604.026233495482,28898.371341310427,0.096867782545793521,0.019006886235127907,0.019006886235127907
3,1,cuda_e2e,0,689,0.00029575292452830188,295752.92452830187,3381.2007154110343,0.67362793242790042,0.0022238657181376095,0.0022238657181376095
3,10,scalar,1,45144,4.4002503544214075e-06,440.02503544214079,2272597.9647844168,0.18561362324819258,1,1
3,10,openmp,1,31870,6.3199447442736119e-06,631.99447442736118,1582292.314985953,0.88572027060782332,0.69624823198152086,0.69624823198152086
3,10,openmp,2,28570,5.9625152607630377e-06,596.25152607630378,1677144.554380608,3.9039551852886234,0.73798559198292046,0.73798559198292046
3,10,openmp,4,35088,5.7615128248974007e-06,576.15128248974008,1735655.2530416483,1.2714025935560778,0.76373176423498912,0.76373176423498912
3,10,openmp,8,32,0.0028227113750000001,282271.13750000001,3542.6930604975505,99.809180587937377,0.0015588736395060609,0.0015588736395060609
3,10,cuda_resident,0,3592,4.2539273106904232e-05,4253.9273106904238,235076.88941626449,1.5156412289236139,0.10343971659701998,0.10343971659701998
3,10,cuda_e2e,0,623,0.00030407371428571432,30407.37142857143,32886.762420390543,1.4305171545270905,0.01447099879960961,0.01447099879960961
3,100,scalar,1,5161,4.0534517922883158e-05,405.34517922883157,2467033.1639381973,2.4069362169440898,1,1
3,100,openmp,1,4267,4.744584766815092e-05,474.45847668150918,2107666.0006040367,3.9287704322091308,0.85433225276935787,0.85433225276935787
3,100,openmp,2,4837,2.7020613396733511e-05,270.20613396733512,3700878.2343959995,1.7719433138692058,1.500133151225328,1
3,100,openmp,4,7995,2.538876235146967e-05,253.88762351469671,3938750.4839995219,1.1772390669560695,1.5965535208744333,1
3,100,openmp,8,35,0.00032423499999999997,3242.3499999999999,308418.27686708717,95.105498877577773,0.12501586171413684,0.078303583362282519
3,100,cuda_resident,0,4712,4.2330508913412567e-05,423.30508913412564,2362362.3378719799,0.25499325037182563,0.95757218524815935,0.59977455984293992
3,100,cuda_e2e,0,662,0.00030545359516616312,3054.5359516616313,327381.97088694008,0.62800862547641756,0.13270270366545486,0.083118230570042848
3,1000,scalar,1,518,0.00039771914478764481,397.71914478764478,2514337.0971843274,1.9546500278904613,1,1
3,1000,openmp,1,418,0.00045262225358851674,452.62225358851674,2209347.8437520876,1.4183431749561082,0.87869993495550736,0.87869993495550736
3,1000,openmp,2,800,0.00024131847500000002,241.31847500000003,4143901.5392418667,1.1960501573698488,1.6481089762714802,1
3,1000,openmp,4,912,0.00021790753179824562,217.90753179824563,4589102.504845365,1.335484683118124,1.8251739235699371,1
3,1000,openmp,8,33,0.0011864157575757577,1186.4157575757577,842874.84687773604,79.849457444015229,0.33522746326323027,0.18366877749795169
3,1000,cuda_resident,0,4562,4.3290377904427878e-05,43.290377904427878,23099821.447798375,0.15042885259042979,9.1872412309656646,5.0336250766699209
3,1000,cuda_e2e,0,606,0.00033518582508250828,335.18582508250825,2983419.7187600136,0.74804375544407109,1.1865631390878284,0.65010962723321064
3,10000,scalar,1,53,0.0038247403396226413,382.47403396226417,2614556.5743128657,0.24578459729992305,1,1
3,10000,openmp,1,45,0.0044274974,442.74974000000003,2258612.2806080021,0.6513953257456766,0.86386055012085183,0.86386055012085183
3,10000,openmp,2,60,0.0023783630666666666,237.83630666666664,4204572.5230737133,4.1340120877535629,1.6081398139868979,1
3,10000,openmp,4,95,0.0021361628736842105,213.61628736842107,4681290.9835630367,0.70845130166079751,1.7904722466345295,1
3,10000,openmp,8,65,0.0035596111846153845,355.96111846153843,2809295.5891418513,34.33743262720305,1.0744826165714794,0.60011129387296347
3,10000,cuda_resident,0,919,0.00021737690315560391,21.737690315560393,46003047.494156942,0.059011547986325165,17.594971149647829,9.8270002133349514
3,10000,cuda_e2e,0,257,0.00077435335797665372,77.435335797665374,12914000.949294642,0.50986033467773806,4.93927003766923,2.7586409378605867
3,100000,scalar,1,6,0.039496105166666663,394.96105166666666,2531895.2230357267,1.4200573220234693,1,1
3,100000,openmp,1,5,0.044869166000000002,448.69166000000001,2228701.9999435693,1.0603963532551579,0.8802504857493153,0.8802504857493153
3,100000,openmp,2,8,0.023824221874999999,238.24221875000001,4197408.8608088065,1.706746193573218,1.6578130179400314,1
3,100000,openmp,4,10,0.021341885599999999,213.41885599999998,4685621.5928736869,0.064805895126715848,1.850638032033433,1
3,100000,openmp,8,11,0.020075046454545456,200.75046454545458,4981308.5228182711,4.0219365777897069,1.9674228528484341,1
3,100000,cuda_resident,0,93,0.0018396614086021506,18.396614086021508,54357828.855030477,0.072612122973002777,21.469225250899516,10.912359394329684
3,100000,cuda_e2e,0,32,0.0063756539999999997,63.756540000000001,15684665.447654469,0.33558518075165383,6.1948319602454376,3.1487038748566745
3,1000000,scalar,1,1,0.389218179,389.21817900000002,2569253.0666713798,1.2370434526903249,1,1
3,1000000,openmp,1,1,0.47544739000000003,475.44738999999998,2103282.13180432,5.2579872191537174,0.81863564126411537,0.81863564126411537
3,1000000,openmp,2,1,0.27184700099999998,271.84700099999998,3678539.7533224951,9.6957747935575078,1.4317545441672908,1
3,1000000,openmp,4,1,0.206649318,206.64931799999999,4839115.8977838969,6.2362601167645719,1.8834718777053985,1
3,1000000,openmp,8,2,0.18214876599999999,182.14876599999999,5490017.9779422721,0.97240625829988592,2.1368148000519533,1
3,1000000,cuda_resident,0,12,0.017942391583333332,17.942391583333333,55733930.192945905,0.027489832168828353,21.692658818211523,10.151866608975238
3,1000000,cuda_e2e,0,3,0.065346214666666666,65.346214666666668,15303105.238781391,2.0926057823578881,5.9562467540838533,2.7874417352121656
5,1,scalar,1,240322,8.1201498822413261e-07,812.01498822413259,1231504.3619908893,0.92387526723324465,1,1
5,1,openmp,1,94551,2.1727727258305042e-06,2172.772725830504,460241.41784906085,2.2696267329220348,0.37372292949496322,0.37372292949496322
5,1,openmp,2,56484,3.3913872069966717e-06,3391.3872069966719,294864.59049468877,0.61113458370280049,0.2394344669782584,0.2394344669782584
5,1,openmp,4,53599,3.8907731114386458e-06,3890.7731114386456,257018.32806957013,2.4826088852087955,0.20870273464079825,0.20870273464079825
5,1,openmp,8,34,0.0022718898823529412,2271889.8823529412,440.16217853143667,99.79798497897373,0.0003574182862169131,0.0003574182862169131
5,1,cuda_resident,0,3729,5.0653774738535801e-05,50653.774738535802,19741.865342944155,0.10279270047150675,0.016030690553973208,0.016030690553973208
5,1,cuda_e2e,0,656,0.00031125930945121951,311259.30945121951,3212.7553124855845,0.5220575560510694,0.0026088054672350012,0.0026088054672350012
5,10,scalar,1,35787,5.5031920250370249e-06,550.31920250370251,1817127.2153514798,2.1713845110497321,1,1
5,10,openmp,1,25916,7.7428962417039676e-06,774.28962417039679,1291506.3934524991,3.7427517405522948,0.71074076847321221,0.71074076847321221
5,10,openmp,2,30373,6.2896575247752933e-06,628.96575247752935,1589911.6860670827,0.94947978537715949,0.87495893112775391,0.87495893112775391
5,10,openmp,4,32254,6.2203113412289944e-06,622.0311341228994,1607636.5717771649,0.50087792986332635,0.88471327609619577,0.88471327609619577
5,10,openmp,8,34,0.0062353367352941183,623533.6735294119,1603.762623339428,3.3019434692637533,0.00088258136788139983,0.00088258136788139983
5,10,cuda_resident,0,3147,5.1220556402923424e-05,5122.0556402923421,195234.11501693973,0.5451672263946753,0.10744108247763839,0.10744108247763839
5,10,cuda_e2e,0,635,0.00031449280944881888,31449.280944881892,31797.229378713084,0.84222848723893617,0.017498625913520683,0.017498625913520683
5,100,scalar,1,3587,5.3106484527460271e-05,531.0648452746027,1883009.2198682828,1.4460912361275746,1,1
5,100,openmp,1,2699,5.9158778436457944e-05,591.58778436457942,1690366.2084133353,2.6294914616245864,0.89769406892844483,0.89769406892844483
5,100,openmp,2,5531,3.6376006508768763e-05,363.76006508768762,2749064.8259009439,6.1918065323188074,1.4599316864169374,1
5,100,openmp,4,6387,3.1804216690151874e-05,318.04216690151878,3144237.161198969,0.77145756516458674,1.6697938215187866,1
5,100,openmp,8,34,0.00012466605882352944,1246.6605882352944,802142.94847930199,84.503022899293782,0.4259899208222741,0.25511528149913049
5,100,cuda_resident,0,3307,6.0548567281524039e-05,605.48567281524038,1651566.7420344441,0.1228207309651623,0.87708903631920176,0.5252678654191163
5,100,cuda_e2e,0,613,0.00032593471778140295,3259.3471778140292,306809.90561756527,0.93653398361149653,0.16293595505550773,0.097578487209460898
5,1000,scalar,1,393,0.00050921103307888043,509.21103307888046,1963822.3350221338,0.25350947543777375,1,1
5,1000,openmp,1,359,0.00056407104178272981,564.07104178272982,1772826.3391070913,0.50895523225349037,0.90274273160617158,0.90274273160617158
5,1000,openmp,2,488,0.00030698330122950817,306.98330122950819,3257506.1770294006,1.6443684249899619,1.6587580856659754,1
5,1000,openmp,4,702,0.00028075912393162397,280.759123931624,3561772.0485676536,0.31610929881013999,1.8136936244426152,1
5,1000,openmp,8,32,0.00033971515625000001,339.71515625000001,2943642.5829175822,15.423058932184457,1.4989352806624459,0.82645451274776316
5,1000,cuda_resident,0,3297,6.0631128905065214e-05,60.631128905065211,16493177.977368297,0.10797954057539443,8.3985081966095496,4.630610199774277
5,1000,cuda_e2e,0,559,0.00035764480500894455,357.64480500894456,2796070.2518102853,0.12461669953409088,1.4237898214854408,0.785022234349531
5,10000,scalar,1,40,0.0051677490750000003,516.77490750000004,1935078.4751482925,3.3325191006879646,1,1
5,10000,openmp,1,35,0.0057961794857142859,579.61794857142854,1725274.3854200472,1.1904250308092204,0.89157851093756435,0.89157851093756435
5,10000,openmp,2,67,0.0030643816417910449,306.43816417910449,3263301.105718438,2.0112158197823971,1.6863921270522937,1
5,10000,openmp,4,58,0.0029604672586206896,296.04672586206897,3377845.1597060044,7.9575270448483071,1.7455856199563933,1
5,10000,openmp,8,34,0.0060613514411764699,606.13514411764697,1649797.0950945327,1.899030486547155,0.85257374121124596,0.48841702833948886
5,10000,cuda_resident,0,559,0.00035633419499105545,35.63341949910555,28063542.990172513,0.17861666964915821,14.502534832868674,8.3081200183299888
5,10000,cuda_e2e,0,138,0.001180728920289855,118.07289202898549,8469344.5109696463,0.39933020741283992,4.3767447262419719,2.5073217126704495
5,100000,scalar,1,4,0.050604209499999997,506.04209500000002,1976120.1881831591,0.67814812915908906,1,1
5,100000,openmp,1,4,0.057583102749999997,575.8310275,1736620.5574950546,1.8423594758446671,0.87880310513486526,0.87880310513486526
5,100000,openmp,2,7,0.030853831571428573,308.53831571428577,3241088.5425524437,0.56790677551459201,1.6401272361537351,1
5,100000,openmp,4,7,0.027626851571428572,276.26851571428568,3619666.8933284837,0.074368124704515551,1.8317038179020873,1
5,100000,openmp,8,8,0.026239433374999999,262.39433374999999,3811057.9055139371,2.7042423700965266,1.9285557266725848,1
5,100000,cuda_resident,0,54,0.0029945286666666665,29.945286666666664,33394237.00068102,0.081510385224293477,16.898889652751141,8.7624585688832948
5,100000,cuda_e2e,0,24,0.0085191984166666668,85.191984166666657,11738193.561070656,0.43115607678308343,5.9400200611597054,3.0800354788856747
5,1000000,scalar,1,1,0.534316613,534.31661299999996,1871549.5188992,0.64143990971136278,1,1
5,1000000,openmp,1,1,0.59753570600000006,597.535706,1673540.1582847,0.99982209263994115,0.8942003090941647,0.8942003090941647
5,1000000,openmp,2,1,0.35555318699999999,355.55318699999998,2812518.7357693408,1.2481390020559688,1.5027754848953161,1
5,1000000,openmp,4,1,0.30459106499999999,304.59106500000001,3283090.3953141239,2.5533723387453993,1.7542097401970738,1
5,1000000,openmp,8,1,0.240261277,240.26127700000001,4162135.5404683044,3.1314700787176744,2.223898164829949,1
5,1000000,cuda_resident,0,7,0.029322425571428574,29.322425571428575,34103590.699344747,0.016688835705784066,18.222115073612184,8.1937722517098912
5,1000000,cuda_e2e,0,2,0.098406401500000004,98.406401500000001,10161940.531887043,0.092930946164099817,5.4296936465053038,2.4415208089892402
